501.9
506
507.3
512.6
514.6
518.6
526.7
527.3
527.6
529.3
532.9
534.7
535.3
536.4
537.5
539.3
540.6
543.6
549.7
553.3
553.6
561.5
562.4
565.8
566.8
571.7
573
574
582
583.7
586.9
588.2
593.1
594.1
594.5
595.2
596.4
597.6
600.9
602.3
607.3
619.9
622
625.7
639.4
640
641
643.6
644.1
645.8
654.4
660.1
662.3
664.8
670.5
675.7
676
680.6
685.5
697.6
702.4
707.2
716.4
721
721.5
725.4
734.2
738.1
742.3
753.7
769.3
770.2
770.5
770.7
774.6
780.7
782.7
788
797.2
806.2
809.4
820.1
823.8
825
827
843.5
851.8
854.1
857
860
860.2
868
884.2
887
903.5
905.9
913.1
913.2
915.7
920.6
922.2
923
923.2
930.2
937.7
939
940
941.1
944.3
945.2
947.7
950.2
953.8
956.4
959.2
961.8
962.3
963
964.9
968
970.4
975.2
976.4
980.5
983
983.6
988.7
990.6
991
991.3
991.5
996.9
1000.2
1005.5
1005.8
1020.3
1021.8
1022
1023
1024.8
1030.2
1031.5
1033.1
1036.7
1048.3
1051.8
1056.6
1057.2
1058.5
1058.6
1059.8
1064.4
1066.7
1068.4
1069
1070.9
1078.6
1084.7
1089.9
1092.7
1144.9
1301.4
1303.4
1306.7
1306.8
1309.9
1310.7
1312.2
1313.4
1321.1
1323.5
1324.9
1325.1
1325.7
1334.5
1337.5
1340.2
1341.2
1343.2
1348
1357.9
1359.6
1363.2
1370.1
1373.6
1375.2
1378.3
1379.9
1381.2
1388.3
1396.1
1399.5
1407.4
1411.5
1415.2
1419.1
1420.7
1428.8
1431.4
1431.6
1441.7
1443.5
1443.8
1447.1
1447.9
1452.3
1458.5
1459.9
1460.4
1462.7
1463.2
1464.3
1470.2
1482
1483.9
1487.7
1492.5
1492.9
1494.9
1505.4
1506.4
1514
1514.2
1515.9
1520.3
1522.3
1522.9
1523.6
1525.2
1526.9
1528.8
1530.9
1541.4
1546.4
1548.8
1557.6
1563
1564
1568.1
1568.9
1577
1578.8
1580.2
1585.4
1585.8
1586.2
1586.5
1589.9
1591.1
1593.5
1595.6
1596.2
1599.8
1606.8
1611.3
1635.2
1649.8
1661.4
1679.4
1683.8
1686.7
1692.8
1699.8
1702.1
1711.9
1715.4
1716.4
1723.6
1724.2
1726.6
1727.6
1745
1745.4
1754.1
1784.7
1826
1827.6
1855.5
1884.1
2104.5
2108.3
2111.4
2112.1
2112.7
2114.4
2115.5
2116.1
2120.9
2121.9
2122.2
2125.1
2132.2
2135.7
2142.4
2152.2
2155.5
2158.6
2162.7
2164.6
2166.3
2167.3
2168.8
2169.2
2170
2170.2
2170.8
2172.3
2173.5
2174.8
2175.3
2180.7
2183.6
2185.2
2189.5
2204.3
2205.4
2207.2
2213.4
2214.3
2216.5
2220.3
2221.8
2223
2226.5
2227.6
2232.3
2234.3
2241
2241.5
2243
2245.1
2250.8
2251
2251.3
2252.8
2254
2261.5
2263.7
2266.3
2267.9
2270.8
2273.2
2274.1
2276.2
2279.8
2286.3
2288.1
2289.1
2299.5
2300.3
2305.9
2345.1
2380.3
2417.7
2421.8
2439
2452.4
2498.4
2510.6
2518.1
2556.4
2604.3
2616
2643.3
2645.3
2650.3
2657.1
2661.5
2667.6
2679.6
2683.3
2903.8
2907.4
2909.6
2910.5
2911.1
2914.6
2916.3
2921.7
2929.3
2930.3
2934.9
2935.3
2942.2
2945.1
2946.2
2947.8
2951.9
2957.8
2966.6
2969.5
2971.1
2971.2
2975.6
2976.5
2985.1
2988.3
2989.8
2992.4
2998.3
2998.4
3010.3
3010.8
3012.2
3015.3
3017.3
3034.1
3041
3042.9
3043.6
3045.3
3048.5
3054.1
3059.4
3061.5
3062.6
3072.5
3083.1
3084.5
3086.1
3087.1
3089
3091.9
3096.9
3132.6
3134.1
3135.3
3163.8
3172.6
3230.1
3296.8
3297.9
3323.8
3334.6
3359.6
3363.7
3370.9
3380.1
3410.9
3425.4
3425.7
3450.8
3454
3457
3474.7
3489.4
3516.1
3539.6
3704.7
3707.3
3711.4
3712.7
3713.8
3714.8
3716
3718.7
3719.1
3719.5
3721.8
3723.6
3724.1
3725.9
3726.7
3727.6
3728
3728.7
3734.3
3735.4
3744.2
3747.6
3750.5
3759.8
3764
3767.7
3768.5
3772.8
3783.2
3784.5
3788.2
3790.6
3795.5
3801.8
3803.7
3808.9
3813.9
3815.5
3821.8
3829.8
3834.4
3838.5
3842.4
3843.3
3844.3
3844.4
3846.3
3848.2
3848.9
3849
3854.5
3855.3
3855.5
3862.5
3863
3875.5
3877.2
3882.6
3882.7
3894.4
3896.5
3899.8
3905.1
3908.4
3914.2
3919
3921
3928
3928.8
3934.9
3936.3
3937.1
3940.1
3940.8
3944.7
3944.8
3945.1
3948.7
3949.4
3949.7
3953.4
3954
3956.5
3958.7
3962.9
3966
3966.2
3968.9
3976.2
3982.8
3984.5
3984.8
3988.2
3989.5
3990.2
3991.2
3992.1
3997.7
4011
4012.8
4016.6
4020.2
4023.1
4025.5
4037
4043
4044.4
4047
4049.3
4049.5
4050.9
4051
4052.2
4055.2
4056.1
4058.2
4058.6
4060.2
4072.9
4078.8
4083.4
4092.7
4093.2
4096.7
4098.5
4098.9
4099.6
4100.5
4110.1
4115.7
4116.4
4122.3
4125.2
4131.1
4132.1
4141.7
4142.5
4144.7
4148.5
4149.9
4154.1
4157.8
4176.7
4177.7
4178.3
4180.4
4182.1
4184.4
4186.2
4186.7
4190.6
4193.6
4200.2
4201.6
4201.8
4207.5
4208.1
4208.7
4211.6
4219
4219.8
4226.1
4226.5
4227.1
4228.1
4230.4
4233.3
4238.1
4238.8
4240.7
4246.8
4249.9
4251.7
4258.1
4262.6
4265.8
4267.3
4267.8
4273
4276.7
4291.2
4297.6
4415.7
4904.6
4905.1
4907.1
4909.9
4915.3
4916.4
4917.3
4917.8
4921.1
4922.6
4922.7
4925
4926.7
4929.4
4932.2
4935.4
4939.6
4940.4
4943.5
4946
4947
4948.9
4953.9
4956.9
4959.8
4961.2
4961.6
4963.5
4964.5
4966.5
4967.6
4968.7
4972.3
4978.2
4978.3
4978.8
4982.7
4984.9
4985.6
4987.7
5001.6
5004
5008.1
5008.2
5011.6
5011.9
5012.6
5013.4
5016.2
5019.1
5020.2
5024.5
5024.6
5024.7
5026.3
5027.4
5029.9
5040.5
5048
5048.7
5055.2
5057.3
5062.4
5063.1
5066.8
5070.5
5072.7
5073
5073.5
5074.8
5080.8
5082.9
5088.1
5118.9
5123.5
5129.3
5129.5
5140.5
5155.5
5156.1
5168.8
5170.9
5175.1
5176.1
5221.8
5225
5227.2
5227.5
5245.5
5246.3
5251.8
5262.4
5262.7
5268.2
5271
5277
5289.5
5308.7
5309.4
5330.1
5330.2
5368.9
5376.4
5382
5383.8
5393.8
5394.9
5399.4
5412.2
5414.2
5417.8
5428.4
5444
5454.5
5465
5468.7
5470.5
5471.3
5489.2
5503.6
5506.1
5507.1
5514.1
5518.5
5522.3
5524.3
5525.3
5536.7
5541.4
5547.9
5549.1
5550.8
5553.8
5554.7
5556.1
5556.9
5559.2
5559.9
5568.8
5569.5
5572.6
5576.8
5581.2
5586.9
5587.7
5588
5590
5592.1
5593.6
5594.3
5594.6
5594.8
5608
5608.5
5609.2
5612.1
5615
5617.3
5617.9
5625.2
5625.7
5636.7
5637.3
5637.4
5654.2
5654.7
5655.7
5663.4
5664.5
5665.4
5668.3
5672
5681.6
5685.2
5688.5
5690.4
5692.1
5698.4
5699.7
5700
5785.6
5901.4
5902.1
5906.1
5907.2
5936.5
5943.2
5945.2
5950
5952.1
5958.4
5959.6
5960.1
5962.7
5967.1
5968.5
5970.8
5978
5979.3
5981.5
5987.1
5987.4
5990.3
5997.4
6001.1
6003.3
6005
6005.5
6010.9
6011.2
6014.7
6017.6
6023.8
6025.3
6026.1
6026.5
6028.3
6032.7
6032.8
6034.1
6034.8
6035.5
6047.9
6053.1
6056.6
6061.1
6062.2
6069.5
6072.6
6073.4
6074
6074.7
6078.2
6081.4
6085.5
6093.6
6099.4
6100.3
6112
6112.2
6118.9
6124
6126.9
6130.1
6131.6
6132
6136.4
6148.5
6149.8
6155.2
6156.2
6158.1
6162.5
6164
6165.2
6165.5
6166.3
6170.1
6172.3
6172.6
6173.2
6187.4
6188.8
6192.8
6196.2
6196.7
6203
6204.9
6217.4
6226.8
6229.7
6230.4
6236.6
6236.9
6237
6239.8
6248.8
6256.9
6264.3
6275.8
6278.9
6280
6281
6282.1
6285.5
6289.8
6292.3
6292.8
6293.2
6296.4
6298.4
6300
6306.3
6311.1
6311.8
6312.5
6321.1
6321.9
6325.8
6326.6
6334.2
6338.5
6348.6
6349
6350.3
6357.7
6360.2
6360.9
6361.9
6364.5
6366.8
6369.6
6371.5
6374.6
6378.2
6381.6
6383.2
6386.2
6388
6388.3
6395.5
6401.6
6403.4
6406.4
6407.1
6407.2
6407.3
6407.8
6415.3
6422.6
6424.2
6427.1
6434
6434.2
6434.9
6442
6447.2
6451.2
6457.8
6458.1
6461.3
6462.2
6468.4
6470.5
6470.7
6480
6481.8
6484.3
6496
6498.1
6706.5
6715.6
6717
6718.9
6724
6732.5
6732.9
6738.3
6750
6752
6755.5
6760.9
6761.5
6769.7
6775.8
6777.6
6779.2
6780.5
6787.7
6788.3
6790.4
6794
6794.2
6794.3
6797.5
6802.1
6806.8
6812.8
6816.3
6825
6825.2
6825.9
6828.2
6839.8
6840.7
6841.6
6846.5
6850.3
6852.5
6855
6856.7
6858
6859.8
6863.2
6863.7
6865.3
6866.2
6867.9
6872.8
6873
6879.8
6881.1
6881.8
6885.2
6887.6
6888.5
6893.6
6896.8
6898.7
6900.7
6907.6
6917.8
6918.9
6930.4
6930.7
6930.8
6935.3
6937.5
6938.3
6944.6
6947.2
6949.8
6952.5
6957.2
6966.2
6966.4
6971.2
6972.8
6977.2
6978.9
6985
6989
6989.8
6990.6
6993.9
6997.5
6998.7
7013.3
7016.1
7022.3
7022.5
7032.1
7034.4
7035
7036
7038.9
7040.6
7040.7
7050.8
7056.1
7058.3
7059.4
7065.8
7073.3
7076.4
7083.7
7085.9
7090.2
7091.6
7092.2
7092.4
7093.9
7094.2
7096.6
7107.1
7108.4
7119
7132.5
7138.6
7141.9
7146.3
7168.3
7182.9
7196.7
7199.1
7202.3
7215
7293.4
7293.9
7501.8
7503.6
7504.4
7505.2
7509.1
7525.4
7526.8
7527.6
7536.7
7539
7540.5
7541.7
7551.2
7552
7552.5
7555
7558.1
7562.7
7565
7568.1
7568.9
7585
7593.7
7599.2
7606.7
7623.5
7627.6
7636.5
7649.1
7650.8
7664.6
7665.4
7665.5
7665.6
7679.6
7679.7
7681.7
7683.1
7686.6
7687
7690.3
7691.8
7692.7
7695.2
7695.6
7697.6
7725.3
7726.2
7730.1
7738.1
7748.2
7749.5
7768
7789.7
7807
7848.4
7853.2
7877.2
7896.1
7908.4
7945
7992.4
8005.3
8036.8
8063.3
8086.4
8314.3
8315.9
8316.3
8319.9
8321.7
8322.8
8324.7
8331.7
8333.4
8335.1
8338.4
8338.7
8343.9
8345.9
8352
8352.9
8353.9
8355.4
8358.7
8360.8
8362.9
8369
8374.1
8376.5
8383.9
8385.4
8385.8
8386.4
8386.6
8388.4
8389.6
8392.6
8395.1
8395.2
8398
8402.6
8408.8
8409.7
8411.6
8411.9
8413.5
8417.4
8420.4
8422.3
8422.9
8425
8431.2
8434.5
8449.2
8451.4
8453.9
8455.2
8457.1
8467.8
8470.6
8473
8479.3
8484.9
8485.2
8485.5
8485.6
8495.8
8496.3
8497.7
8500.9
8503.6
8503.9
8504.1
8505.7
8506.4
8508.5
8511.6
8513.6
8518.6
8521.9
8524.4
8525
8531
8535.2
8538.3
8541.9
8543.5
8551
8556.1
8559.2
8561.1
8561.6
8564.5
8564.7
8570.1
8574.5
8576.4
8576.8
8576.9
8579.4
8586.9
8587.4
8593.3
8594.9
8599
8620.4
8621.3
8623.3
8627.2
8632.2
8634.6
8635.2
8635.3
8640.8
8641.7
8646.4
8646.5
8646.7
8648.1
8649.5
8649.6
8650.8
8651.1
8652.3
8654.8
8655.3
8662
8663.9
8674.4
8681.8
8685.2
8687.2
8689
8690.5
8691.7
8698.6
8699.5
8702
8708.1
8711.6
8712.5
8713.5
8717.7
8719.9
8727.4
8735.7
8735.9
8738.4
8738.7
8743.1
8743.9
8744.2
8745.6
8750.7
8754
8755.1
8757
8758.5
8759.7
8763.2
8765.3
8771.1
8775.7
8775.9
8790.9
8794.3
8794.6
8799.5
8799.7
8803.2
8810.4
8813.7
8815.7
8818.4
8820.9
8821.3
8823.5
8832.8
8837.1
8839.5
8846.1
8850.5
8855.5
8855.9
8856
8862.4
8863.6
8864.5
8869.5
8869.6
8872.2
8872.5
8875.2
8880
8887.2
8888.8
9418.4
