   3.8000000e+01
   4.3600000e+01
   5.1000000e+01
   5.6400000e+01
   6.2600000e+01
   6.5800000e+01
   6.8600000e+01
   7.1000000e+01
   7.6600000e+01
   8.9000000e+01
   9.1400000e+01
   9.2200000e+01
   9.3400000e+01
   1.0020000e+02
   1.0860000e+02
   1.1760000e+02
   1.1940000e+02
   1.2180000e+02
   1.2680000e+02
   1.2980000e+02
   1.3540000e+02
   1.4320000e+02
   1.4900000e+02
   1.5520000e+02
   1.5540000e+02
   1.5740000e+02
   1.6520000e+02
   1.6600000e+02
   1.7240000e+02
   1.7280000e+02
   1.8920000e+02
   2.0020000e+02
   2.0560000e+02
   2.1420000e+02
   2.3340000e+02
   2.4080000e+02
   2.4580000e+02
   2.6340000e+02
   2.6540000e+02
   2.6780000e+02
   2.7380000e+02
   2.7680000e+02
   2.8100000e+02
   2.8220000e+02
   2.8340000e+02
   2.8460000e+02
   2.9540000e+02
   3.0420000e+02
   3.0460000e+02
   3.3520000e+02
   3.3620000e+02
   3.4000000e+02
   3.4680000e+02
   3.5120000e+02
   3.5480000e+02
   3.6560000e+02
   3.6700000e+02
   3.7600000e+02
   3.8660000e+02
   3.8860000e+02
   3.9760000e+02
   4.0160000e+02
   4.0760000e+02
   4.1780000e+02
   4.2880000e+02
   4.2880000e+02
   4.3120000e+02
   4.3620000e+02
   4.3860000e+02
   4.4100000e+02
   4.4560000e+02
   4.4820000e+02
   4.4860000e+02
   4.5320000e+02
   4.5980000e+02
   4.6000000e+02
   4.6220000e+02
   4.7720000e+02
   4.8040000e+02
   4.8400000e+02
   4.9660000e+02
   5.0280000e+02
   5.1940000e+02
   5.3820000e+02
   5.4300000e+02
   5.4920000e+02
   5.5940000e+02
   5.6580000e+02
   5.7340000e+02
   5.7500000e+02
   5.9620000e+02
   6.1000000e+02
   6.4000000e+02
   6.4960000e+02
   6.6320000e+02
   6.7300000e+02
   6.7700000e+02
   6.7720000e+02
   6.9360000e+02
   7.2420000e+02
   7.2580000e+02
   7.2700000e+02
   7.3380000e+02
   7.4900000e+02
   7.4940000e+02
   7.6840000e+02
   8.1180000e+02
   8.3800000e+02
   8.5300000e+02
   8.6200000e+02
   8.7000000e+02
   8.7000000e+02
   8.8280000e+02
   8.8700000e+02
   8.9420000e+02
   8.9960000e+02
   9.0660000e+02
   9.0900000e+02
   9.1380000e+02
   9.2340000e+02
   9.3200000e+02
   9.3580000e+02
   9.3960000e+02
   9.5700000e+02
   9.6460000e+02
   9.6700000e+02
   9.7620000e+02
   9.8200000e+02
   9.8340000e+02
   1.0022000e+03
   1.0058000e+03
   1.0064000e+03
   1.0182000e+03
   1.0330000e+03
   1.0482000e+03
   1.0560000e+03
   1.0640000e+03
   1.0644000e+03
   1.0752000e+03
   1.0766000e+03
   1.0806000e+03
   1.1146000e+03
   1.1174000e+03
   1.1186000e+03
   1.1256000e+03
   1.1628000e+03
   1.1666000e+03
   1.1678000e+03
   1.1716000e+03
   1.1774000e+03
   1.1848000e+03
   1.1906000e+03
   1.1994000e+03
   1.2206000e+03
   1.2210000e+03
   1.2288000e+03
   1.2586000e+03
   1.2612000e+03
   1.2622000e+03
   1.2650000e+03
   1.2688000e+03
   1.3004000e+03
   1.3360000e+03
   1.3418000e+03
   1.3424000e+03
   1.3520000e+03
   1.3574000e+03
   1.3752000e+03
   1.3804000e+03
   1.4000000e+03
   1.4014000e+03
   1.5860000e+03
   1.5970000e+03
   1.5980000e+03
   1.6192000e+03
   1.6358000e+03
   1.6616000e+03
   1.6786000e+03
   1.6832000e+03
   1.6914000e+03
   1.6942000e+03
   1.7126000e+03
   1.7402000e+03
   1.7760000e+03
   1.7868000e+03
   2.6738000e+03
   2.7048000e+03
   2.7152000e+03
   2.7170000e+03
   2.7204000e+03
   2.7316000e+03
   2.7466000e+03
   2.7580000e+03
   2.7882000e+03
   2.7956000e+03
   2.7988000e+03
   2.8244000e+03
   2.8272000e+03
   2.8308000e+03
   2.8336000e+03
   2.8412000e+03
   2.8438000e+03
   2.8460000e+03
   2.8616000e+03
   2.8792000e+03
   2.9002000e+03
   2.9064000e+03
   2.9174000e+03
   2.9212000e+03
   2.9350000e+03
   2.9410000e+03
   2.9492000e+03
   2.9564000e+03
   3.0002000e+03
   3.0062000e+03
   3.0622000e+03
   3.0836000e+03
   3.0856000e+03
   3.0872000e+03
   3.1172000e+03
   3.1454000e+03
   3.1642000e+03
   3.1906000e+03
   3.2042000e+03
   3.2050000e+03
   3.2136000e+03
   3.2200000e+03
   3.2340000e+03
   3.2792000e+03
   3.2890000e+03
   3.3378000e+03
   3.3562000e+03
   3.3566000e+03
   3.3770000e+03
   3.3950000e+03
   3.5542000e+03
   3.5986000e+03
   3.6244000e+03
   3.6434000e+03
   3.6774000e+03
   3.6884000e+03
   3.7064000e+03
   3.7738000e+03
   3.7826000e+03
   3.7860000e+03
   3.7946000e+03
   3.8082000e+03
   3.8200000e+03
   3.8284000e+03
   3.8350000e+03
   3.8564000e+03
   3.8638000e+03
   3.8742000e+03
   3.8830000e+03
   3.8912000e+03
   3.9156000e+03
   3.9352000e+03
   3.9600000e+03
   3.9816000e+03
   3.9900000e+03
